822
797
830
848
813
832
831
807
798
828
835
887
880
761
835
739
756
816
769
888
810
750
786
810
724
796
905
781
913
774
890
783
887
837
790
871
775
768
809
853
860
877
825
775
849
826
852
869
924
938
818
872
859
848
809
840
796
775
778
806
771
823
820
814
813
772
801
700
878
780
846
866
852
789
804
878
760
823
882
816
846
806
887
861
874
837
754
908
884
842
819
805
849
853
749
810
820
805
784
765
827
850
826
835
763
835
819
825
859
826
825
844
884
933
825
784
694
837
790
790